Time D1Force D1M1Lambda D2M2Lambda D1Lambda Mode1 D2Force D2M1Lambda D2M2Lambda D2Lambda Mode2

0 0 1 1 1 0 0 1 1 1 0
0.001 0.000286732 0.999978 1.00002 1 0 0 1 1 1 0
1.001 0.340974 0.980215 1.01979 1 0 0.00683429 0.999483 1.00052 1 0
2.001 0.742191 0.965372 1.03463 1 0 0.0778953 0.994491 1.00551 1 0
3.001 1.1596 0.954348 1.04565 1 0 0.287275 0.982726 1.01727 1 0
4.001 1.57706 0.945811 1.05419 1 0 0.687852 0.967074 1.03293 1 0
5.001 1.98935 0.938921 1.06108 1 0 1.31005 0.951046 1.04895 1 0
6.001 2.39484 0.933178 1.06682 1 0 2.16554 0.936318 1.06368 1 0
7.001 2.79318 0.928272 1.07173 1 0 3.24796 0.92335 1.07665 1 0
8.001 3.18443 0.924001 1.076 1 0 4.53144 0.912144 1.08786 1 0
9.001 3.56884 0.920224 1.07978 1 0 5.97249 0.902561 1.09744 1 0
10.001 3.94671 0.916845 1.08315 1 0 7.5155 0.894425 1.10558 1 0
11.001 4.31833 0.913791 1.08621 1 0 9.10014 0.88756 1.11244 1 0
12.001 4.68399 0.911008 1.08899 1 0 10.6686 0.881802 1.1182 1 0
13.001 5.04395 0.908453 1.09155 1 0 12.1711 0.876999 1.123 1 0
14.001 5.39844 0.906095 1.09391 1 0 13.5665 0.873023 1.12698 1 0
15.001 5.74768 0.903906 1.09609 1 0 14.816 0.869785 1.13021 1 0
16.001 6.09187 0.901865 1.09813 1 0 15.8583 0.86728 1.13272 1 0
17.001 6.43119 0.899955 1.10004 1 0 16.746 0.865269 1.13473 1 0
18.001 6.76579 0.898161 1.10184 1 0 17.4914 0.863659 1.13634 1 0
19.001 7.09583 0.896471 1.10353 1 0 18.1085 0.862376 1.13762 1 0
20.001 7.42144 0.894874 1.10513 1 0 18.612 0.86136 1.13864 1 0
21.001 7.74274 0.893361 1.10664 1 0 19.0162 0.860563 1.13944 1 0
22.001 8.05985 0.891924 1.10808 1 0 19.3344 0.859948 1.14005 1 0
23.001 8.37288 0.890558 1.10944 1 0 19.5784 0.859483 1.14052 1 0
24.001 8.68191 0.889255 1.11075 1 0 19.7591 0.859142 1.14086 1 0
25.001 8.98705 0.888011 1.11199 1 0 19.8856 0.858905 1.14109 1 0
26.001 9.28838 0.886821 1.11318 1 0 19.9661 0.858755 1.14124 1 0
27.001 9.58597 0.885681 1.11432 1 0 20.0075 0.858678 1.14132 1 0
28.001 9.87989 0.884588 1.11541 1 0 20.0159 0.858663 1.14134 1 0
29.001 10.1702 0.883539 1.11646 1 0 19.9962 0.858699 1.1413 1 0
30.001 10.457 0.882529 1.11747 1 0 19.9527 0.85878 1.14122 1 0
31.001 10.7404 0.881558 1.11844 1 0 19.9109 0.858959 1.14104 1 0
32.001 11.0203 0.880622 1.11938 1 0 20.0364 0.859749 1.14025 1 0
33.001 11.2968 0.879719 1.12028 1 0 20.4789 0.861836 1.13816 1 0
34.001 11.5701 0.878848 1.12115 1 0 21.2572 0.865657 1.13434 1 0
35.001 11.8401 0.878006 1.12199 1 0 22.2735 0.871463 1.12854 1 0
36.001 12.1069 0.877192 1.12281 1 0 23.2932 0.879623 1.12038 1 0
37.001 12.3705 0.876405 1.1236 1 0 24.3866 0.889888 1.11011 1 0
38.001 12.631 0.875642 1.12436 1 0 25.5269 0.902128 1.09787 1 0
39.001 12.8884 0.874904 1.1251 1 0 26.693 0.916124 1.08388 1 0
40.001 13.1427 0.874188 1.12581 1 0 27.8639 0.931556 1.06844 1 0
41.001 13.394 0.873493 1.12651 1 0 29.0196 0.948026 1.05197 1 0
42.001 13.6423 0.872819 1.12718 1 0 30.0003 0.964613 1.03461 0.999611 1
43.001 13.8877 0.872164 1.12784 1 0 30.0003 0.977564 1.0145 0.99603 1
44.001 14.1302 0.871528 1.12847 1 0 30.0003 0.989346 0.993655 0.9915 1
45.001 14.3697 0.87091 1.12909 1 0 30.0003 0.99989 0.972557 0.986223 1
46.001 14.6064 0.870309 1.12969 1 0 30.0003 1.00915 0.951639 0.980396 1
47.001 14.8403 0.869725 1.13028 1 0 30.0003 1.01713 0.931283 0.974205 1
48.001 15.0714 0.869156 1.13084 1 0 30.0003 1.02382 0.911817 0.96782 1
49.001 15.2997 0.868602 1.1314 1 0 30.0003 1.02927 0.893515 0.961395 1
50.001 15.5253 0.868064 1.13194 1 0 30.0003 1.03343 0.876598 0.955015 1
51.001 15.8447 0.869121 1.13088 1 0 30.0003 1.03627 0.86234 0.949307 1
52.001 16.1642 0.870188 1.12981 1 0 30.0003 1.03787 0.851017 0.944442 1
53.001 16.4837 0.871264 1.12874 1 0 30.0003 1.03831 0.841906 0.940108 1
54.001 16.8032 0.87235 1.12765 1 0 30.0003 1.03771 0.835068 0.936389 1
55.001 17.1228 0.873446 1.12655 1 0 30.0003 1.03619 0.83067 0.933428 1
56.001 17.4424 0.874551 1.12545 1 0 30.0003 1.03386 0.82852 0.93119 1
57.001 17.762 0.875665 1.12434 1 0 30.0003 1.03086 0.82835 0.929605 1
58.001 18.0815 0.876788 1.12321 1 0 30.0003 1.02731 0.829877 0.928591 1
59.001 18.4011 0.877921 1.12208 1 0 30.0003 1.02332 0.832827 0.928074 1
60.001 18.7206 0.879063 1.12094 1 0 29.992 1.01901 0.836939 0.927974 2
61.001 19.04 0.880214 1.11979 1 0 29.8749 1.01423 0.841713 0.927974 2
62.001 19.3594 0.881373 1.11863 1 0 29.6695 1.00903 0.846914 0.927974 2
63.001 19.6787 0.882541 1.11746 1 0 29.4156 1.00352 0.852428 0.927974 2
64.001 19.9978 0.883716 1.11628 1 0 29.1346 0.997798 0.85815 0.927974 2
65.001 20.3167 0.8849 1.1151 1 0 28.8374 0.991965 0.863982 0.927974 2
66.001 20.6354 0.886092 1.11391 1 0 28.5294 0.986113 0.869835 0.927974 2
67.001 20.9539 0.887291 1.11271 1 0 28.0256 0.979839 0.876108 0.927974 2
68.001 21.2722 0.888497 1.1115 1 0 27.5308 0.973525 0.882422 0.927974 2
69.001 21.5901 0.88971 1.11029 1 0 27.0512 0.967274 0.888673 0.927974 2
70.001 21.9076 0.89093 1.10907 1 0 26.586 0.961173 0.894774 0.927974 2
71.001 22.2248 0.892155 1.10784 1 0 26.1344 0.955302 0.900645 0.927974 2
72.001 22.5415 0.893387 1.10661 1 0 25.6954 0.949734 0.906213 0.927974 2
73.001 22.8576 0.894623 1.10538 1 0 25.2679 0.944534 0.911413 0.927974 2
74.001 23.1733 0.895865 1.10414 1 0 24.851 0.939759 0.916189 0.927974 2
75.001 23.4882 0.897111 1.10289 1 0 24.4437 0.935457 0.920491 0.927974 2
76.001 23.8026 0.898361 1.10164 1 0 24.0451 0.931667 0.924281 0.927974 2
77.001 24.1161 0.899615 1.10039 1 0 23.6544 0.92842 0.927528 0.927974 2
78.001 24.4289 0.900872 1.09913 1 0 23.2708 0.925739 0.930209 0.927974 2
79.001 24.7407 0.902131 1.09787 1 0 22.8904 0.923652 0.932296 0.927974 2
80.001 25.0517 0.903393 1.09661 1 0 22.5166 0.922188 0.93376 0.927974 2
81.001 25.3616 0.904657 1.09534 1 0 22.15 0.921359 0.934589 0.927974 2
82.001 25.6704 0.905921 1.09408 1 0 21.7901 0.921163 0.934785 0.927974 2
83.001 25.978 0.907187 1.09281 1 0 21.4365 0.921587 0.93436 0.927974 2
84.001 26.2844 0.908453 1.09155 1 0 21.089 0.922609 0.933338 0.927974 2
85.001 26.5895 0.909718 1.09028 1 0 20.7474 0.924198 0.93175 0.927974 2
86.001 26.8932 0.910983 1.08902 1 0 20.4117 0.926311 0.929636 0.927974 2
87.001 27.1954 0.912246 1.08775 1 0 20.0819 0.928903 0.927044 0.927974 2
88.001 27.496 0.913508 1.08649 1 0 19.7579 0.931919 0.924029 0.927974 2
89.001 27.795 0.914768 1.08523 1 0 19.4397 0.935299 0.920649 0.927974 2
90.001 28.0923 0.916025 1.08397 1 0 19.1275 0.93898 0.916968 0.927974 2
91.001 28.3877 0.917279 1.08272 1 0 18.8213 0.942897 0.913051 0.927974 2
92.001 28.6813 0.91853 1.08147 1 0 18.521 0.946982 0.908966 0.927974 2
93.001 28.973 0.919776 1.08022 1 0 18.2268 0.951168 0.90478 0.927974 2
94.001 29.2626 0.921019 1.07898 1 0 17.9387 0.955388 0.900559 0.927974 2
95.001 29.55 0.922256 1.07774 1 0 17.6567 0.959579 0.896369 0.927974 2
96.001 29.8353 0.923489 1.07651 1 0 17.3805 0.963677 0.89227 0.927974 2
97.001 30 0.923482 1.0745 0.99899 1 17.1102 0.967628 0.88832 0.927974 2
98.001 30 0.921797 1.07134 0.996568 1 16.8455 0.971376 0.884571 0.927974 2
99.001 30 0.920159 1.0681 0.994127 1 16.5862 0.974877 0.881071 0.927974 2
100.001 30 0.918569 1.06477 0.991668 1 16.3318 0.978088 0.87786 0.927974 2
101.001 30 0.917024 1.06136 0.989191 1 16.0819 0.980974 0.874973 0.927974 2
102.001 30 0.915524 1.05787 0.986698 1 15.8361 0.983509 0.872439 0.927974 2
103.001 30 0.914068 1.05432 0.984192 1 15.594 0.985669 0.870279 0.927974 2
104.001 30 0.912655 1.0507 0.981675 1 15.332 0.98734 0.868608 0.927974 2
105.001 30 0.911283 1.04702 0.979151 1 15.0755 0.988567 0.867381 0.927974 2
106.001 30 0.909953 1.04329 0.976623 1 14.8286 0.989366 0.866581 0.927974 2
107.001 30 0.908663 1.03953 0.974096 1 14.5909 0.989752 0.866196 0.927974 2
108.001 30 0.907413 1.03573 0.971574 1 14.3617 0.989745 0.866203 0.927974 2
109.001 30 0.906201 1.03192 0.969061 1 14.1402 0.989372 0.866576 0.927974 2
110.001 30 0.905027 1.0281 0.966564 1 13.9257 0.988663 0.867284 0.927974 2
111.001 30 0.903891 1.02428 0.964085 1 13.7174 0.987654 0.868294 0.927974 2
112.001 30 0.902791 1.02047 0.96163 1 13.5145 0.986379 0.869568 0.927974 2
113.001 30 0.901727 1.01668 0.959203 1 13.3 0.984801 0.871147 0.927974 2
114.001 30 0.900698 1.01292 0.956808 1 13.0809 0.982946 0.873001 0.927974 2
115.001 30 0.899704 1.00919 0.954448 1 12.8638 0.980878 0.87507 0.927974 2
116.001 30 0.898744 1.00551 0.952127 1 12.6487 0.978635 0.877312 0.927974 2
117.001 30 0.897817 1.00188 0.949847 1 12.4358 0.976258 0.87969 0.927974 2
118.001 30 0.896924 0.9983 0.947612 1 12.2251 0.973787 0.88216 0.927974 2
119.001 30 0.896062 0.994781 0.945422 1 12.0166 0.971263 0.884684 0.927974 2
120.001 30 0.895233 0.991325 0.943279 1 11.8103 0.968725 0.887222 0.927974 2
121.001 30 0.894435 0.987935 0.941185 1 11.6063 0.966212 0.889736 0.927974 2
122.001 30 0.893668 0.984614 0.939141 1 11.4045 0.96376 0.892188 0.927974 2
123.001 30 0.892932 0.981361 0.937147 1 11.2049 0.961403 0.894545 0.927974 2
124.001 30 0.892226 0.97818 0.935203 1 11.0075 0.959173 0.896775 0.927974 2
125.001 30 0.89155 0.97507 0.93331 1 10.8122 0.957099 0.898849 0.927974 2
126.001 30 0.890903 0.972033 0.931468 1 10.6191 0.955206 0.900741 0.927974 2
127.001 30 0.890285 0.969067 0.929676 1 10.4282 0.953517 0.90243 0.927974 2
128.001 30 0.889696 0.966173 0.927934 1 10.2394 0.952051 0.903897 0.927974 2
129.001 30 0.889135 0.96335 0.926242 1 10.0528 0.950821 0.905127 0.927974 2
130.001 30 0.888602 0.960597 0.9246 1 9.86824 0.94984 0.906108 0.927974 2
131.001 30 0.888097 0.957914 0.923006 1 9.68588 0.949119 0.906828 0.927974 2
132.001 30 0.88762 0.9553 0.92146 1 9.50571 0.948667 0.907281 0.927974 2
133.001 30 0.887169 0.952753 0.919961 1 9.32775 0.948484 0.907464 0.927974 2
134.001 30 0.886746 0.950273 0.918509 1 9.15206 0.948568 0.907379 0.927974 2
135.001 30 0.886349 0.947857 0.917103 1 8.97869 0.948913 0.907035 0.927974 2
136.001 30 0.885979 0.945506 0.915743 1 8.80769 0.949508 0.90644 0.927974 2
137.001 30 0.885636 0.943217 0.914426 1 8.63912 0.950338 0.90561 0.927974 2
138.001 30 0.885318 0.940989 0.913153 1 8.47304 0.951386 0.904562 0.927974 2
139.001 30 0.885027 0.938821 0.911924 1 8.30951 0.95263 0.903318 0.927974 2
140.001 30 0.884761 0.936711 0.910736 1 8.14857 0.954047 0.9019 0.927974 2
141.001 30 0.884521 0.934659 0.90959 1 7.99028 0.955612 0.900336 0.927974 2
142.001 30 0.884307 0.932664 0.908485 1 7.83466 0.957296 0.898652 0.927974 2
143.001 30 0.884118 0.930722 0.90742 1 7.68174 0.95907 0.896877 0.927974 2
144.001 30 0.883955 0.928835 0.906395 1 7.53152 0.960907 0.895041 0.927974 2
145.001 30 0.883817 0.927 0.905408 1 7.384 0.962775 0.893172 0.927974 2
146.001 30 0.883704 0.925216 0.90446 1 7.23915 0.964647 0.891301 0.927974 2
147.001 30 0.883616 0.923482 0.903549 1 7.09693 0.966492 0.889455 0.927974 2
148.001 30 0.883553 0.921797 0.902675 1 6.95726 0.968286 0.887662 0.927974 2
149.001 30 0.883516 0.920159 0.901837 1 6.82007 0.970001 0.885946 0.927974 2
150.001 30 0.883503 0.918569 0.901036 1 6.68527 0.971616 0.884331 0.927974 2
151.001 30 0.883516 0.917024 0.90027 1 6.55275 0.97311 0.882838 0.927974 2
152.001 30 0.883553 0.915524 0.899539 1 6.42239 0.974464 0.881483 0.927974 2
153.001 30 0.883616 0.914068 0.898842 1 6.29408 0.975664 0.880283 0.927974 2
154.001 30 0.883704 0.912655 0.898179 1 6.1677 0.976698 0.87925 0.927974 2
155.001 30 0.883817 0.911283 0.89755 1 6.04315 0.977556 0.878391 0.927974 2
156.001 30 0.883955 0.909953 0.896954 1 5.92031 0.978232 0.877715 0.927974 2
157.001 30 0.884119 0.908663 0.896391 1 5.79911 0.978721 0.877227 0.927974 2
158.001 30 0.884307 0.907413 0.89586 1 5.67945 0.97902 0.876927 0.927974 2
159.001 30 0.884522 0.906201 0.895361 1 5.5613 0.979133 0.876815 0.927974 2
160.001 30 0.884762 0.905027 0.894895 1 5.44461 0.979064 0.876884 0.927974 2
161.001 30 0.885027 0.903891 0.894459 1 5.32936 0.97882 0.877127 0.927974 2
162.001 30 0.885319 0.902791 0.894055 1 5.21555 0.978413 0.877535 0.927974 2
163.001 30 0.885636 0.901727 0.893682 1 5.10318 0.977854 0.878094 0.927974 2
164.001 30 0.88598 0.900698 0.893339 1 4.99229 0.977157 0.87879 0.927974 2
165.001 30 0.88635 0.899704 0.893027 1 4.88289 0.976339 0.879609 0.927974 2
166.001 30 0.886747 0.898744 0.892745 1 4.77501 0.975415 0.880532 0.927974 2
167.001 30 0.88717 0.897817 0.892494 1 4.66869 0.974404 0.881543 0.927974 2
168.001 30 0.88762 0.896924 0.892272 1 4.56397 0.973325 0.882623 0.927974 2
169.001 30 0.888098 0.896062 0.89208 1 4.46086 0.972194 0.883753 0.927974 2
170.001 30 0.888603 0.895233 0.891918 1 4.3594 0.971032 0.884915 0.927974 2
171.001 30 0.889136 0.894435 0.891786 1 4.25961 0.969857 0.886091 0.927974 2
172.001 30 0.889697 0.893668 0.891683 1 4.1615 0.968685 0.887263 0.927974 2
173.001 30 0.890286 0.892932 0.891609 1 4.0651 0.967534 0.888413 0.927974 2
174.001 30 0.890904 0.892226 0.891565 1 3.97039 0.966421 0.889526 0.927974 2
175.001 30 0.891551 0.89155 0.891551 2 3.87739 0.96536 0.890588 0.927974 2
176.001 29.9985 0.892213 0.890888 0.891551 2 3.7861 0.964364 0.891583 0.927974 2
177.001 29.9938 0.892875 0.890226 0.891551 2 3.6965 0.963446 0.892501 0.927974 2
178.001 29.9861 0.893537 0.889564 0.891551 2 3.6086 0.962617 0.893331 0.927974 2
179.001 29.9752 0.894199 0.888902 0.891551 2 3.52238 0.961884 0.894064 0.927974 2
180.001 29.9613 0.894863 0.888238 0.891551 2 3.43782 0.961255 0.894693 0.927974 2
181.001 29.9443 0.895527 0.887574 0.891551 2 3.35493 0.960735 0.895212 0.927974 2
182.001 29.9242 0.896193 0.886908 0.891551 2 3.27368 0.960329 0.895619 0.927974 2
183.001 29.901 0.896859 0.886242 0.891551 2 3.19407 0.960038 0.895909 0.927974 2
184.001 29.8747 0.897527 0.885574 0.891551 2 3.11607 0.959864 0.896084 0.927974 2
185.001 29.8452 0.898197 0.884904 0.891551 2 3.03968 0.959803 0.896145 0.927974 2
186.001 29.8127 0.898869 0.884233 0.891551 2 2.96487 0.959853 0.896095 0.927974 2
187.001 29.7771 0.899542 0.883559 0.891551 2 2.89164 0.960008 0.895939 0.927974 2
188.001 29.7384 0.900218 0.882883 0.891551 2 2.81997 0.960262 0.895686 0.927974 2
189.001 29.6966 0.900896 0.882205 0.891551 2 2.74982 0.960605 0.895342 0.927974 2
190.001 29.6516 0.901577 0.881524 0.891551 2 2.68119 0.961029 0.894918 0.927974 2
191.001 29.6036 0.90226 0.880841 0.891551 2 2.61405 0.961523 0.894425 0.927974 2
192.001 29.5524 0.902946 0.880155 0.891551 2 2.54837 0.962074 0.893874 0.927974 2
193.001 29.4981 0.903636 0.879465 0.891551 2 2.48411 0.962671 0.893276 0.927974 2
194.001 29.4407 0.904329 0.878772 0.891551 2 2.42126 0.963302 0.892645 0.927974 2
195.001 29.3802 0.905026 0.878075 0.891551 2 2.35977 0.963954 0.891994 0.927974 2
196.001 29.3166 0.905726 0.877375 0.891551 2 2.2996 0.964614 0.891334 0.927974 2
197.001 29.2498 0.90643 0.876671 0.891551 2 2.24071 0.96527 0.890677 0.927974 2
198.001 29.1799 0.907139 0.875962 0.891551 2 2.18306 0.965911 0.890037 0.927974 2
199.001 29.1068 0.907852 0.875249 0.891551 2 2.12659 0.966525 0.889422 0.927974 2
200.001 29.0306 0.90857 0.874531 0.891551 2 2.07128 0.967103 0.888844 0.927974 2
201.001 28.9513 0.909292 0.873809 0.891551 2 2.01706 0.967636 0.888311 0.927974 2
202.001 28.8688 0.91002 0.873081 0.891551 2 1.9639 0.968117 0.887831 0.927974 2
203.001 28.7832 0.910753 0.872348 0.891551 2 1.91175 0.968538 0.88741 0.927974 2
204.001 28.6943 0.911492 0.871609 0.891551 2 1.86058 0.968894 0.887053 0.927974 2
205.001 28.6024 0.912236 0.870865 0.891551 2 1.81034 0.969183 0.886765 0.927974 2
206.001 28.5072 0.912987 0.870114 0.891551 2 1.76101 0.969401 0.886547 0.927974 2
207.001 28.4089 0.913744 0.869357 0.891551 2 1.71255 0.969546 0.886402 0.927974 2
208.001 28.3074 0.914508 0.868593 0.891551 2 1.66494 0.969619 0.886329 0.927974 2
209.001 28.2027 0.915279 0.867822 0.891551 2 1.61816 0.969621 0.886327 0.927974 2
210.001 28.0948 0.916057 0.867044 0.891551 2 1.5722 0.969553 0.886394 0.927974 2
211.001 27.9837 0.916842 0.866259 0.891551 2 1.52704 0.96942 0.886527 0.927974 2
212.001 27.8694 0.917636 0.865465 0.891551 2 1.49307 0.969529 0.887045 0.928287 3
213.001 27.7519 0.918437 0.864664 0.891551 2 1.46787 0.970029 0.888146 0.929087 3
214.001 27.6312 0.919247 0.863854 0.891551 2 1.43598 0.970448 0.889327 0.929887 3
215.001 27.5072 0.920066 0.863035 0.891551 2 1.40078 0.970795 0.89058 0.930687 3
216.001 27.3799 0.920893 0.862208 0.891551 2 1.36423 0.971077 0.891897 0.931487 3
217.001 27.2495 0.921731 0.86137 0.891551 2 1.32744 0.971305 0.89327 0.932287 3
218.001 27.1157 0.922578 0.860523 0.891551 2 1.29103 0.971485 0.89469 0.933087 3
219.001 26.9787 0.923435 0.859666 0.891551 2 1.25535 0.971628 0.896146 0.933887 3
220.001 26.8384 0.924303 0.858798 0.891551 2 1.22058 0.971743 0.897632 0.934687 3
221.001 26.6948 0.925181 0.85792 0.891551 2 1.18682 0.971838 0.899137 0.935487 3
222.001 26.548 0.926071 0.85703 0.891551 2 1.1541 0.971922 0.900652 0.936287 3
223.001 26.3978 0.926973 0.856128 0.891551 2 1.12242 0.972004 0.902171 0.937087 3
224.001 26.2442 0.927887 0.855214 0.891551 2 1.09177 0.972091 0.903684 0.937887 3
225.001 26.0874 0.928814 0.854287 0.891551 2 1.06214 0.972189 0.905186 0.938687 3
226.001 25.9272 0.929753 0.853348 0.891551 2 1.0335 0.972306 0.906669 0.939487 3
227.001 25.7636 0.930707 0.852394 0.891551 2 1.00581 0.972446 0.908129 0.940287 3
228.001 25.5966 0.931674 0.851427 0.891551 2 0.979061 0.972613 0.909562 0.941087 3
229.001 25.4263 0.932656 0.850445 0.891551 2 0.953213 0.972812 0.910963 0.941887 3
230.001 25.2525 0.933653 0.849448 0.891551 2 0.92824 0.973044 0.91233 0.942687 3
231.001 25.0754 0.934666 0.848435 0.891551 2 0.904113 0.973312 0.913663 0.943487 3
232.001 24.8947 0.935695 0.847406 0.891551 2 0.880806 0.973615 0.91496 0.944287 3
233.001 24.7107 0.936741 0.84636 0.891551 2 0.85829 0.973953 0.916221 0.945087 3
234.001 24.5231 0.937804 0.845297 0.891551 2 0.836537 0.974326 0.917449 0.945887 3
235.001 24.3321 0.938885 0.844216 0.891551 2 0.81552 0.974731 0.918644 0.946687 3
236.001 24.1376 0.939986 0.843116 0.891551 2 0.795212 0.975165 0.919809 0.947487 3
237.001 23.9395 0.941105 0.841996 0.891551 2 0.775584 0.975627 0.920948 0.948287 3
238.001 23.7379 0.942245 0.840856 0.891551 2 0.756609 0.976111 0.922063 0.949087 3
239.001 23.5327 0.943406 0.839695 0.891551 2 0.73826 0.976616 0.923159 0.949887 3
240.001 23.3239 0.944588 0.838513 0.891551 2 0.72051 0.977136 0.924239 0.950687 3
241.001 23.1115 0.945793 0.837308 0.891551 2 0.703331 0.977668 0.925307 0.951487 3
242.001 22.8955 0.947021 0.83608 0.891551 2 0.686698 0.978208 0.926367 0.952287 3
243.001 22.6758 0.948274 0.834827 0.891551 2 0.670586 0.978752 0.927423 0.953087 3
244.001 22.4525 0.949552 0.833549 0.891551 2 0.654969 0.979298 0.928477 0.953887 3
245.001 22.2254 0.950856 0.832245 0.891551 2 0.639826 0.979841 0.929534 0.954687 3
246.001 21.9946 0.952187 0.830914 0.891551 2 0.625135 0.98038 0.930595 0.955487 3
247.001 21.76 0.953546 0.829555 0.891551 2 0.610876 0.980912 0.931663 0.956287 3
248.001 21.5216 0.954934 0.828167 0.891551 2 0.59703 0.981435 0.93274 0.957087 3
249.001 21.2795 0.956353 0.826748 0.891551 2 0.583583 0.981947 0.933828 0.957887 3
250.001 21.0334 0.957803 0.825298 0.891551 2 0.570519 0.982449 0.934926 0.958687 3
251.001 20.7835 0.959286 0.823815 0.891551 2 0.557826 0.982939 0.936036 0.959487 3
252.001 20.5297 0.960803 0.822298 0.891551 2 0.545493 0.983417 0.937158 0.960287 3
253.001 20.2719 0.962356 0.820745 0.891551 2 0.533514 0.983884 0.938291 0.961087 3
254.001 20.0102 0.963945 0.819156 0.891551 2 0.521879 0.984339 0.939436 0.961887 3
255.001 19.7445 0.965572 0.817529 0.891551 2 0.510584 0.984784 0.94059 0.962687 3
256.001 19.4747 0.967239 0.815862 0.891551 2 0.499625 0.98522 0.941755 0.963487 3
257.001 19.2009 0.968948 0.814153 0.891551 2 0.488998 0.985648 0.942927 0.964287 3
258.001 18.9229 0.970699 0.812402 0.891551 2 0.478703 0.986069 0.944106 0.965087 3
259.001 18.6409 0.972494 0.810607 0.891551 2 0.468736 0.986483 0.945291 0.965887 3
260.001 18.3547 0.974336 0.808765 0.891551 2 0.459098 0.986894 0.946481 0.966687 3
261.001 18.0643 0.976226 0.806875 0.891551 2 0.449789 0.987301 0.947674 0.967487 3
262.001 17.7697 0.978165 0.804936 0.891551 2 0.440807 0.987706 0.948869 0.968287 3
263.001 17.4708 0.980156 0.802945 0.891551 2 0.432154 0.98811 0.950065 0.969087 3
264.001 17.1678 0.982201 0.8009 0.891551 2 0.423829 0.988514 0.951261 0.969887 3
265.001 16.8604 0.984301 0.7988 0.891551 2 0.415833 0.988919 0.952455 0.970687 3
266.001 16.5488 0.986459 0.796643 0.891551 2 0.408165 0.989327 0.953648 0.971487 3
267.001 16.2329 0.988676 0.794425 0.891551 2 0.400825 0.989736 0.954839 0.972287 3
268.001 15.9128 0.990954 0.792147 0.891551 2 0.393813 0.990149 0.956026 0.973087 3
269.001 15.5884 0.993296 0.789805 0.891551 2 0.387129 0.990566 0.957209 0.973887 3
270.001 15.2599 0.995703 0.787398 0.891551 2 0.380772 0.990987 0.958388 0.974687 3
271.001 14.9271 0.998177 0.784924 0.891551 2 0.37474 0.991412 0.959563 0.975487 3
272.001 14.5903 1.00072 0.782381 0.891551 2 0.369034 0.991842 0.960733 0.976287 3
273.001 14.2495 1.00333 0.779768 0.891551 2 0.363653 0.992277 0.961898 0.977087 3
274.001 13.9047 1.00602 0.777084 0.891551 2 0.358595 0.992717 0.963058 0.977887 3
275.001 13.5563 1.00877 0.774327 0.891551 2 0.35386 0.993162 0.964213 0.978687 3
276.001 13.2043 1.0116 0.771496 0.891551 2 0.349446 0.993612 0.965363 0.979487 3
277.001 12.8489 1.01451 0.768592 0.891551 2 0.345354 0.994068 0.966507 0.980287 3
278.001 12.4905 1.01749 0.765615 0.891551 2 0.341581 0.994529 0.967646 0.981087 3
279.001 12.1293 1.02054 0.762566 0.891551 2 0.338128 0.994995 0.96878 0.981887 3
280.001 11.7656 1.02366 0.759445 0.891551 2 0.334994 0.995466 0.969908 0.982687 3
281.001 11.4001 1.02684 0.756256 0.891551 2 0.332178 0.995943 0.971032 0.983487 3
282.001 11.033 1.0301 0.753002 0.891551 2 0.32968 0.996425 0.97215 0.984287 3
283.001 10.6651 1.03341 0.749686 0.891551 2 0.327499 0.996913 0.973262 0.985087 3
284.001 10.2968 1.03679 0.746315 0.891551 2 0.325637 0.997405 0.974369 0.985887 3
285.001 9.92898 1.04021 0.742894 0.891551 2 0.324092 0.997903 0.975472 0.986687 3
286.001 9.56229 1.04367 0.739431 0.891551 2 0.322866 0.998406 0.976568 0.987487 3
287.001 9.19755 1.04717 0.735935 0.891551 2 0.321958 0.998915 0.97766 0.988287 3
288.001 8.8356 1.05069 0.732413 0.891551 2 0.321369 0.999429 0.978746 0.989087 3
289.001 8.4773 1.05422 0.728878 0.891551 2 0.3211 0.999948 0.979827 0.989887 3
290.001 8.12352 1.05776 0.725338 0.891551 2 0.321152 1.00047 0.980903 0.990687 3
291.001 7.7751 1.0613 0.721805 0.891551 2 0.321525 1.001 0.981974 0.991487 3
292.001 7.43287 1.06481 0.718291 0.891551 2 0.322221 1.00154 0.983039 0.992287 3
293.001 7.09757 1.0683 0.714804 0.891551 2 0.323241 1.00208 0.984099 0.993087 3
294.001 6.76989 1.07174 0.711356 0.891551 2 0.324586 1.00262 0.985153 0.993887 3
295.001 6.45041 1.07514 0.707956 0.891551 2 0.326258 1.00317 0.986203 0.994687 3
296.001 6.13964 1.07849 0.704612 0.891551 2 0.328258 1.00373 0.987247 0.995487 3
297.001 5.83796 1.08177 0.701331 0.891551 2 0.330588 1.00429 0.988286 0.996287 3
298.001 5.54566 1.08498 0.69812 0.891551 2 0.33325 1.00485 0.98932 0.997087 3
299.001 5.26293 1.08812 0.694982 0.891551 2 0.336246 1.00543 0.990349 0.997887 3
300.001 4.99007 1.09118 0.691926 0.891551 2 0.339578 1.006 0.991372 0.998687 3
301.001 4.92745 1.09074 0.692362 0.891551 2 0.343249 1.00658 0.992391 0.999487 3
302.001 4.8638 1.09029 0.692811 0.891551 2 0.341882 1.0069 0.993102 1 0
303.001 4.79913 1.08983 0.693273 0.891551 2 0.332573 1.00675 0.993249 1 0
304.001 4.73339 1.08935 0.693748 0.891551 2 0.324811 1.00663 0.993368 1 0
305.001 4.66659 1.08886 0.694237 0.891551 2 0.317951 1.00653 0.993468 1 0
306.001 4.59868 1.08836 0.69474 0.891551 2 0.311619 1.00644 0.993557 1 0
307.001 4.52965 1.08784 0.695259 0.891551 2 0.305595 1.00636 0.993638 1 0
308.001 4.45948 1.08731 0.695793 0.891551 2 0.299751 1.00628 0.993717 1 0
309.001 4.38814 1.08676 0.696345 0.891551 2 0.294013 1.00621 0.993794 1 0
310.001 4.3156 1.08619 0.696914 0.891551 2 0.288341 1.00613 0.993872 1 0
311.001 4.24184 1.0856 0.697501 0.891551 2 0.282714 1.00605 0.99395 1 0
312.001 4.16682 1.08499 0.698108 0.891551 2 0.277122 1.00597 0.99403 1 0
313.001 4.09052 1.08437 0.698735 0.891551 2 0.271562 1.00589 0.994112 1 0
314.001 4.0129 1.08372 0.699384 0.891551 2 0.266036 1.0058 0.994196 1 0
315.001 3.93393 1.08305 0.700056 0.891551 2 0.260547 1.00572 0.994281 1 0
316.001 3.85358 1.08235 0.700752 0.891551 2 0.2551 1.00563 0.994368 1 0
317.001 3.7718 1.08163 0.701473 0.891551 2 0.2497 1.00554 0.994456 1 0
318.001 3.68855 1.08088 0.702222 0.891551 2 0.244351 1.00545 0.994546 1 0
319.001 3.6038 1.0801 0.703 0.891551 2 0.239058 1.00536 0.994637 1 0
320.001 3.51749 1.07929 0.703809 0.891551 2 0.233826 1.00527 0.994728 1 0
321.001 3.42957 1.07845 0.704651 0.891551 2 0.228659 1.00518 0.99482 1 0
322.001 3.34 1.07757 0.705528 0.891551 2 0.22356 1.00509 0.994912 1 0
323.001 3.24872 1.07666 0.706443 0.891551 2 0.218533 1.005 0.995004 1 0
324.001 3.15566 1.0757 0.7074 0.891551 2 0.21358 1.0049 0.995096 1 0
325.001 3.06077 1.0747 0.708401 0.891551 2 0.208704 1.00481 0.995188 1 0
326.001 2.96397 1.07365 0.70945 0.891551 2 0.203906 1.00472 0.99528 1 0
327.001 2.86518 1.07255 0.71055 0.891551 2 0.199189 1.00463 0.995371 1 0
328.001 2.76433 1.07139 0.711708 0.891551 2 0.194554 1.00454 0.995462 1 0
329.001 2.66133 1.07017 0.712928 0.891551 2 0.190001 1.00445 0.995551 1 0
330.001 2.55607 1.06888 0.714217 0.891551 2 0.185532 1.00436 0.99564 1 0
331.001 2.44845 1.06752 0.715581 0.891551 2 0.181147 1.00427 0.995729 1 0
332.001 2.33834 1.06607 0.717029 0.891551 2 0.176846 1.00418 0.995816 1 0
333.001 2.22562 1.06453 0.718571 0.891551 2 0.17263 1.0041 0.995902 1 0
334.001 2.11014 1.06288 0.720219 0.891551 2 0.168498 1.00401 0.995987 1 0
335.001 1.99173 1.06112 0.721985 0.891551 2 0.16445 1.00393 0.996071 1 0
336.001 1.8702 1.05921 0.723888 0.891551 2 0.160486 1.00385 0.996154 1 0
337.001 1.74533 1.05715 0.725947 0.891551 2 0.156605 1.00376 0.996236 1 0
338.001 1.61688 1.05491 0.728189 0.891551 2 0.152807 1.00368 0.996316 1 0
339.001 1.48672 1.0525 0.730788 0.891643 3 0.14909 1.0036 0.996396 1 0
340.001 1.36728 1.05014 0.734747 0.892443 3 0.145455 1.00353 0.996474 1 0
341.001 1.24005 1.04745 0.739032 0.893243 3 0.1419 1.00345 0.99655 1 0
342.001 1.10444 1.04437 0.74372 0.894043 3 0.138424 1.00337 0.996626 1 0
343.001 0.959741 1.04077 0.748916 0.894843 3 0.135027 1.0033 0.9967 1 0
344.001 0.805055 1.03651 0.754778 0.895643 3 0.131706 1.00323 0.996773 1 0
345.001 0.639206 1.03133 0.76155 0.896443 3 0.128461 1.00316 0.996844 1 0
346.001 0.460574 1.02484 0.76964 0.897243 3 0.125291 1.00309 0.996915 1 0
347.001 0.266757 1.01627 0.779816 0.898043 3 0.122194 1.00302 0.996984 1 0
348.001 0.0537896 1.00389 0.793797 0.898843 3 0.11917 1.00295 0.997051 1 0
349.001 -0.186215 0.982272 0.817013 0.899643 3 0.116216 1.00288 0.997118 1 0
350.001 -0.463466 0.900443 0.900443 0.900443 3 0.113332 1.00282 0.997183 1 0
351.001 -0.46269 0.901243 0.901243 0.901243 3 0.110517 1.00275 0.997247 1 0
352.001 -0.461897 0.902043 0.902043 0.902043 3 0.107769 1.00269 0.997309 1 0
353.001 -0.461088 0.902843 0.902843 0.902843 3 0.105086 1.00263 0.997371 1 0
354.001 -0.460261 0.903643 0.903643 0.903643 3 0.102468 1.00257 0.997431 1 0
355.001 -0.459417 0.904443 0.904443 0.904443 3 0.0999137 1.00251 0.99749 1 0
356.001 -0.458554 0.905243 0.905243 0.905243 3 0.0974208 1.00245 0.997548 1 0
357.001 -0.457674 0.906043 0.906043 0.906043 3 0.0949885 1.0024 0.997604 1 0
358.001 -0.456775 0.906843 0.906843 0.906843 3 0.0926156 1.00234 0.99766 1 0
359.001 -0.455856 0.907643 0.907643 0.907643 3 0.0903006 1.00229 0.997714 1 0
360.001 -0.454918 0.908443 0.908443 0.908443 3 0.0880424 1.00223 0.997767 1 0
361.001 -0.45396 0.909243 0.909243 0.909243 3 0.0858398 1.00218 0.997819 1 0
362.001 -0.452982 0.910043 0.910043 0.910043 3 0.0836914 1.00213 0.99787 1 0
363.001 -0.451983 0.910843 0.910843 0.910843 3 0.081596 1.00208 0.99792 1 0
364.001 -0.450963 0.911643 0.911643 0.911643 3 0.0795525 1.00203 0.997969 1 0
365.001 -0.449921 0.912443 0.912443 0.912443 3 0.0775597 1.00198 0.998017 1 0
366.001 -0.448857 0.913243 0.913243 0.913243 3 0.0756164 1.00194 0.998063 1 0
367.001 -0.447771 0.914043 0.914043 0.914043 3 0.0737214 1.00189 0.998109 1 0
368.001 -0.446661 0.914843 0.914843 0.914843 3 0.0718736 1.00185 0.998154 1 0
369.001 -0.445528 0.915643 0.915643 0.915643 3 0.0700719 1.0018 0.998197 1 0
370.001 -0.44437 0.916443 0.916443 0.916443 3 0.0683152 1.00176 0.99824 1 0
371.001 -0.443188 0.917243 0.917243 0.917243 3 0.0666024 1.00172 0.998282 1 0
372.001 -0.441981 0.918043 0.918043 0.918043 3 0.0649326 1.00168 0.998323 1 0
373.001 -0.440749 0.918843 0.918843 0.918843 3 0.0633046 1.00164 0.998363 1 0
374.001 -0.43949 0.919643 0.919643 0.919643 3 0.0617174 1.0016 0.998402 1 0
375.001 -0.438204 0.920443 0.920443 0.920443 3 0.0601701 1.00156 0.99844 1 0
376.001 -0.436891 0.921243 0.921243 0.921243 3 0.0586616 1.00152 0.998477 1 0
377.001 -0.43555 0.922043 0.922043 0.922043 3 0.0571911 1.00149 0.998514 1 0
378.001 -0.434181 0.922843 0.922843 0.922843 3 0.0557576 1.00145 0.998549 1 0
379.001 -0.432782 0.923643 0.923643 0.923643 3 0.0543602 1.00142 0.998584 1 0
380.001 -0.431354 0.924443 0.924443 0.924443 3 0.052998 1.00138 0.998618 1 0
381.001 -0.429896 0.925243 0.925243 0.925243 3 0.0516701 1.00135 0.998651 1 0
382.001 -0.428406 0.926043 0.926043 0.926043 3 0.0503757 1.00132 0.998684 1 0
383.001 -0.426885 0.926843 0.926843 0.926843 3 0.049114 1.00128 0.998716 1 0
384.001 -0.425332 0.927643 0.927643 0.927643 3 0.0478841 1.00125 0.998747 1 0
385.001 -0.423745 0.928443 0.928443 0.928443 3 0.0466852 1.00122 0.998777 1 0
386.001 -0.422125 0.929243 0.929243 0.929243 3 0.0455166 1.00119 0.998806 1 0
387.001 -0.420471 0.930043 0.930043 0.930043 3 0.0443776 1.00117 0.998835 1 0
388.001 -0.418781 0.930843 0.930843 0.930843 3 0.0432673 1.00114 0.998864 1 0
389.001 -0.417055 0.931643 0.931643 0.931643 3 0.042185 1.00111 0.998891 1 0
390.001 -0.415293 0.932443 0.932443 0.932443 3 0.0411301 1.00108 0.998918 1 0
391.001 -0.413493 0.933243 0.933243 0.933243 3 0.0401019 1.00106 0.998944 1 0
392.001 -0.411655 0.934043 0.934043 0.934043 3 0.0390997 1.00103 0.99897 1 0
393.001 -0.409778 0.934843 0.934843 0.934843 3 0.0381227 1.00101 0.998995 1 0
394.001 -0.407861 0.935643 0.935643 0.935643 3 0.0371705 1.00098 0.999019 1 0
395.001 -0.405904 0.936443 0.936443 0.936443 3 0.0362424 1.00096 0.999043 1 0
396.001 -0.403905 0.937243 0.937243 0.937243 3 0.0353377 1.00093 0.999067 1 0
397.001 -0.401863 0.938043 0.938043 0.938043 3 0.0344559 1.00091 0.999089 1 0
398.001 -0.399778 0.938843 0.938843 0.938843 3 0.0335963 1.00089 0.999112 1 0
399.001 -0.397648 0.939643 0.939643 0.939643 3 0.0327585 1.00087 0.999133 1 0
400.001 -0.395474 0.940443 0.940443 0.940443 3 0.0319419 1.00085 0.999155 1 0
401.001 -0.393253 0.941243 0.941243 0.941243 3 0.0311459 1.00083 0.999175 1 0
402.001 -0.390985 0.942043 0.942043 0.942043 3 0.03037 1.0008 0.999195 1 0
403.001 -0.388669 0.942843 0.942843 0.942843 3 0.0296137 1.00079 0.999215 1 0
404.001 -0.386303 0.943643 0.943643 0.943643 3 0.0288765 1.00077 0.999234 1 0
405.001 -0.383888 0.944443 0.944443 0.944443 3 0.0281579 1.00075 0.999253 1 0
406.001 -0.381421 0.945243 0.945243 0.945243 3 0.0274575 1.00073 0.999271 1 0
407.001 -0.378901 0.946043 0.946043 0.946043 3 0.0267747 1.00071 0.999289 1 0
408.001 -0.376328 0.946843 0.946843 0.946843 3 0.0261092 1.00069 0.999307 1 0
409.001 -0.373701 0.947643 0.947643 0.947643 3 0.0254605 1.00068 0.999324 1 0
410.001 -0.371017 0.948443 0.948443 0.948443 3 0.0248282 1.00066 0.99934 1 0
411.001 -0.368277 0.949243 0.949243 0.949243 3 0.0242118 1.00064 0.999356 1 0
412.001 -0.365478 0.950043 0.950043 0.950043 3 0.0236109 1.00063 0.999372 1 0
413.001 -0.36262 0.950843 0.950843 0.950843 3 0.0230252 1.00061 0.999388 1 0
414.001 -0.359701 0.951643 0.951643 0.951643 3 0.0224543 1.0006 0.999403 1 0
415.001 -0.35672 0.952443 0.952443 0.952443 3 0.0218977 1.00058 0.999417 1 0
416.001 -0.353676 0.953243 0.953243 0.953243 3 0.0213552 1.00057 0.999432 1 0
417.001 -0.350567 0.954043 0.954043 0.954043 3 0.0208263 1.00055 0.999446 1 0
418.001 -0.347392 0.954843 0.954843 0.954843 3 0.0203108 1.00054 0.999459 1 0
419.001 -0.34415 0.955643 0.955643 0.955643 3 0.0198082 1.00053 0.999473 1 0
420.001 -0.340839 0.956443 0.956443 0.956443 3 0.0193183 1.00051 0.999486 1 0
421.001 -0.337457 0.957243 0.957243 0.957243 3 0.0188407 1.0005 0.999498 1 0
422.001 -0.334004 0.958043 0.958043 0.958043 3 0.0183751 1.00049 0.999511 1 0
423.001 -0.330477 0.958843 0.958843 0.958843 3 0.0179212 1.00048 0.999523 1 0
424.001 -0.326875 0.959643 0.959643 0.959643 3 0.0174787 1.00047 0.999534 1 0
425.001 -0.323197 0.960443 0.960443 0.960443 3 0.0170473 1.00045 0.999546 1 0
426.001 -0.31944 0.961243 0.961243 0.961243 3 0.0166268 1.00044 0.999557 1 0
427.001 -0.315604 0.962043 0.962043 0.962043 3 0.0162168 1.00043 0.999568 1 0
428.001 -0.311686 0.962843 0.962843 0.962843 3 0.0158171 1.00042 0.999579 1 0
429.001 -0.307685 0.963643 0.963643 0.963643 3 0.0154274 1.00041 0.999589 1 0
430.001 -0.303599 0.964443 0.964443 0.964443 3 0.0150476 1.0004 0.999599 1 0
431.001 -0.299426 0.965243 0.965243 0.965243 3 0.0146772 1.00039 0.999609 1 0
432.001 -0.295165 0.966043 0.966043 0.966043 3 0.0143161 1.00038 0.999619 1 0
433.001 -0.290813 0.966843 0.966843 0.966843 3 0.0139641 1.00037 0.999628 1 0
434.001 -0.286368 0.967643 0.967643 0.967643 3 0.0136208 1.00036 0.999637 1 0
435.001 -0.281829 0.968443 0.968443 0.968443 3 0.0132862 1.00035 0.999646 1 0
436.001 -0.277194 0.969243 0.969243 0.969243 3 0.0129599 1.00035 0.999655 1 0
437.001 -0.27246 0.970043 0.970043 0.970043 3 0.0126418 1.00034 0.999663 1 0
438.001 -0.267626 0.970843 0.970843 0.970843 3 0.0123317 1.00033 0.999672 1 0
439.001 -0.262688 0.971643 0.971643 0.971643 3 0.0120293 1.00032 0.99968 1 0
440.001 -0.257646 0.972443 0.972443 0.972443 3 0.0117345 1.00031 0.999688 1 0
441.001 -0.252497 0.973243 0.973243 0.973243 3 0.011447 1.00031 0.999695 1 0
442.001 -0.247239 0.974043 0.974043 0.974043 3 0.0111667 1.0003 0.999703 1 0
443.001 -0.241868 0.974843 0.974843 0.974843 3 0.0108934 1.00029 0.99971 1 0
444.001 -0.236384 0.975643 0.975643 0.975643 3 0.0106269 1.00028 0.999717 1 0
445.001 -0.230783 0.976443 0.976443 0.976443 3 0.010367 1.00028 0.999724 1 0
446.001 -0.225063 0.977243 0.977243 0.977243 3 0.0101136 1.00027 0.999731 1 0
447.001 -0.219222 0.978043 0.978043 0.978043 3 0.00986658 1.00026 0.999738 1 0
448.001 -0.213256 0.978843 0.978843 0.978843 3 0.00962567 1.00026 0.999744 1 0
449.001 -0.207164 0.979643 0.979643 0.979643 3 0.00939076 1.00025 0.99975 1 0
450.001 -0.200942 0.980443 0.980443 0.980443 3 0.00916169 1.00024 0.999756 1 0
451.001 -0.194588 0.981243 0.981243 0.981243 3 0.00893831 1.00024 0.999762 1 0
452.001 -0.188099 0.982043 0.982043 0.982043 3 0.00872049 1.00023 0.999768 1 0
453.001 -0.181472 0.982843 0.982843 0.982843 3 0.00850808 1.00023 0.999774 1 0
454.001 -0.174705 0.983643 0.983643 0.983643 3 0.00830094 1.00022 0.99978 1 0
455.001 -0.167793 0.984443 0.984443 0.984443 3 0.00809895 1.00022 0.999785 1 0
456.001 -0.160735 0.985243 0.985243 0.985243 3 0.00790197 1.00021 0.99979 1 0
457.001 -0.153527 0.986043 0.986043 0.986043 3 0.00770987 1.0002 0.999795 1 0
458.001 -0.146165 0.986843 0.986843 0.986843 3 0.00752254 1.0002 0.9998 1 0
459.001 -0.138648 0.987643 0.987643 0.987643 3 0.00733984 1.0002 0.999805 1 0
460.001 -0.13097 0.988443 0.988443 0.988443 3 0.00716168 1.00019 0.99981 1 0
461.001 -0.123129 0.989243 0.989243 0.989243 3 0.00698792 1.00019 0.999815 1 0
462.001 -0.115122 0.990043 0.990043 0.990043 3 0.00681846 1.00018 0.999819 1 0
463.001 -0.106945 0.990843 0.990843 0.990843 3 0.00665319 1.00018 0.999824 1 0
464.001 -0.0985939 0.991643 0.991643 0.991643 3 0.00649201 1.00017 0.999828 1 0
465.001 -0.0900654 0.992443 0.992443 0.992443 3 0.00633481 1.00017 0.999832 1 0
466.001 -0.0813557 0.993243 0.993243 0.993243 3 0.0061815 1.00016 0.999836 1 0
467.001 -0.0724609 0.994043 0.994043 0.994043 3 0.00603197 1.00016 0.99984 1 0
468.001 -0.0633772 0.994843 0.994843 0.994843 3 0.00588613 1.00016 0.999844 1 0
469.001 -0.0541005 0.995643 0.995643 0.995643 3 0.00574388 1.00015 0.999848 1 0
470.001 -0.0446266 0.996443 0.996443 0.996443 3 0.00560515 1.00015 0.999852 1 0
471.001 -0.0349515 0.997243 0.997243 0.997243 3 0.00546983 1.00014 0.999855 1 0
472.001 -0.0250708 0.998043 0.998043 0.998043 3 0.00533784 1.00014 0.999859 1 0
473.001 -0.0149802 0.998843 0.998843 0.998843 3 0.0052091 1.00014 0.999862 1 0
474.001 -0.0046752 0.999643 0.999643 0.999643 3 0.00508353 1.00013 0.999866 1 0
475.001 1.66446e-06 1 1 1 0 0.00496105 1.00013 0.999869 1 0
476.001 1.66446e-06 1 1 1 0 0.00484158 1.00013 0.999872 1 0
477.001 1.66446e-06 1 1 1 0 0.00472505 1.00013 0.999875 1 0
478.001 1.66446e-06 1 1 1 0 0.00461138 1.00012 0.999878 1 0
479.001 1.66446e-06 1 1 1 0 0.00450049 1.00012 0.999881 1 0
480.001 1.66446e-06 1 1 1 0 0.00439233 1.00012 0.999884 1 0
481.001 1.66446e-06 1 1 1 0 0.00428682 1.00011 0.999887 1 0
482.001 1.66446e-06 1 1 1 0 0.0041839 1.00011 0.99989 1 0
483.001 1.66446e-06 1 1 1 0 0.0040835 1.00011 0.999893 1 0
484.001 1.66446e-06 1 1 1 0 0.00398556 1.00011 0.999895 1 0
485.001 1.66446e-06 1 1 1 0 0.00389001 1.0001 0.999898 1 0
486.001 1.66446e-06 1 1 1 0 0.0037968 1.0001 0.9999 1 0
487.001 1.66446e-06 1 1 1 0 0.00370587 1.0001 0.999903 1 0
488.001 1.66446e-06 1 1 1 0 0.00361717 1.0001 0.999905 1 0
489.001 1.66446e-06 1 1 1 0 0.00353063 1.00009 0.999907 1 0
490.001 1.66446e-06 1 1 1 0 0.0034462 1.00009 0.99991 1 0
491.001 1.66446e-06 1 1 1 0 0.00336383 1.00009 0.999912 1 0
492.001 1.66446e-06 1 1 1 0 0.00328348 1.00009 0.999914 1 0
493.001 1.66446e-06 1 1 1 0 0.00320508 1.00008 0.999916 1 0
494.001 1.66446e-06 1 1 1 0 0.00312859 1.00008 0.999918 1 0
495.001 1.66446e-06 1 1 1 0 0.00305396 1.00008 0.99992 1 0
496.001 1.66446e-06 1 1 1 0 0.00298116 1.00008 0.999922 1 0
497.001 1.66446e-06 1 1 1 0 0.00291012 1.00008 0.999924 1 0
498.001 1.66446e-06 1 1 1 0 0.00284081 1.00007 0.999926 1 0
499.001 1.66446e-06 1 1 1 0 0.00277319 1.00007 0.999928 1 0
500.001 0.000288395 0.999978 1.00002 1 0 0.00270721 1.00007 0.999929 1 0
